8
8
16,17
6
19
12
31
12,13,14
41,42
3,4
55,56
1,4
25
19,20
31
2
38
21
5,11
23,24
2,3
22
47,48
3
22
16,17
25,26
4,5
9,10
25,26
11
26,27
9,10
8,10
20
18,19
27,28
35
13
10
14,15
1
11
16
14,15
19,20
25
30,31
3,4
9,10
16
20
28
6,8
12
29
4,5
20
23,24
28
4,5
17
3,4,5
8
12
4
12
23
6
24,25
1,2
6
13,14
18
28
37
2,3
15,16
4
9,10
14,15
29
36
1
2
10,11
12,13
17,18
1
8
7,8
17
7
3
8
10
18
22,23
30
2
9
15
6,7
11
13,14
16,17
1,2
7
20
6
11
13
7
12
19
20
24
35
1
3
13
16,17
23
26,27
11,12
13
23,24
31
1
26
4,11
13
4
5
6,7
13
1,2
12
20
32,33
39,40
10
19
25,26
54
57
58
8,9
13,14
22
3,4
10
12
20
4
10,11
6
18
5
7
16,17
9
15
17
3,4
17,18
1
6,7
10
1,2
12
21
8
11
4,5
18
2,3
14,15
29,30
9
12
14,15
3
8
11
14
4,5
10
11,12
10
20
6,7
14
22
26,27
6,7
19
28
31
1
14
16
22
2
7
14
2
4
12
17
18
19
23
10
13,14
19
12
17,18
20
2
11,12
13
23,24
26
29
3,4
8,9
16,17
18,19
20
22,25
33
2
6,7
10
13
18,19
2
3,4
6
9
10
14
18
19
20
21
29
3
5
9
12
13
14
29
8
9
13,14
17
20
1
4
6,7
9
10
12
19
23
3,4
9
13
18
19
20
27
28
6,7
9,10
16
17
2,3
8
10
13
15
16
17
23
2
5,6
12
3
5
4
5
9
13
19,20
3
8,9
12
13
3
7
11
13
5,6
16,17
18
19,20
23,24
3
12
2,3
13
4,5
7,8
13,16
5
12
19
1,2
4
8
11
4,5
16
1
4
8
12
8
10
17
6,8
10
11
17
7
12
16,17
2,3
12,13
15
21
22
24
1,2
12
16,17
2
7
8
18
22
2
7
15
7
13
14
1
9
6
7
20
3
