20
3
9
12
1
10
14,15
2
13
14
9
12
16
8,9
14
1
11
19
19
25
1
10
12
22
27
7
14
23,24
26,31
36
1
6
8
13
16
26
39
40
1
10
14
28
1,2
5
8
15
17
21
2,3
5
12
19,20
27
1
14,17
2
16
17
2,3
7
11
17
8
9
13
16
7
8
15
22
23
2
9
20,21
8,9
15
1
7
8,9
12,13
3
5
7
4
5
8
11
21
9
20
9
11
12,13
14
18
1
7
9
1
5
10
14
15,16
17
22
27
28
2
4
8
14
16
23
4
7
12
16
21
4
12
14
18
2
6
9
2
7,8
11
3
16
20
21
24
3
5,6
8
17,18
4,5
10
17
25,26
3
8
11
20,21
8
10
11
5
9
13
2
16,17
9,10
14,15
4
5
3,4
20,21
10,11
3,4
18
10
11
10
4,5
6
13
4
7
15
14
4
20
5
7,8
11
20
4
10
12
3
7
27
3
5
12
20
1
8
4
3
1,4
12
8
8
17
1
1
7
18
12
7
3
6
2
4
1
4
5,6
9
1
7
15
3
18,19
20,21
30
31,32
35,36
46
4
7,10
12,13
5
6
7
13
4,5
25
27
1,2
3,4
5
6
1
6
9,10
3,4
10
14
21
1
12
6
14
1
8
2
4
11
4
11,12
3
14,15
19,20
5,6
9,10
1
4,5
11
20
1,2
8
12,13
14
22
10
18
27
1
5,6
10
1
7
8,9
21,23
29,30
39,40
9
18,22
5,6
7,9
1,2
8
11
1
11,12
1,2
8
5
8
22,23
1,2
6
10,11
5
10
1
6,7
2,3
9,10
6,7
16,17
6
14
23
4
10,11
15
1,4
9
6
6
1
16,17
3,9
10,11
2
9,10
11
9
16
4
12
8
1
8
11,12
1
5,6
9
1
5
9,11
1,2
12
18,19
5
5,6
11
19
35
6
13
30,31
4
5,6
14
18
8,11
18,19
1
25,26
12
21
10
8,9
12,13
19
4,7
34
52,53
70,72
9
13
3
