13
7
6,7
9,10
3
1,2
1,2
5,7
10
7
8
5
9,10
16
7
13
8
14,15
34,35
47,52
1,2
10,12
16,17
1,2
9,10
14
4
5,8
12,13
1
1,2
17,18
1,2
3,4
7,9
10
1,2
10
1
5
1,2
2,4
2
15,17
26,27
1,2
8,9
13
22
24
33,34
4
7,8
44,45
12
47
8,9
17,19
42,43
13
30,31
3
2,5
1,2
5,9
7
1
11
1,2
12,17
1,2
8,9
14
22,24
1,2
18,20
35,36
48
60,63
67,71
89,92
99,100
113,114
147,148
164,165
170,171
1,2
4,8
1,3
2
7,8
4,5
4,5
2
2,4
2,5
3,4
1
8,9
1,2
1
5,6
1
5,6
3
8
1,2
7,10
13,14
23,24
12,13
2,3
1,2
5,6
1
12,15
3,4
10,11
19
3,5
7,8
2,3
11
1,5
12,13
3,6
1,2
3,4
5,6
10,19
33
1,5
7,8
13,14,15
27
6
24,25
21
9,10,11
16,17
18,19
23
24,25
13
17,18
22,23
10,11
4,5
11,12
19,20
22,27
1,2
11,13
20
25,28
7,11
15,16
24,25
3,4
10
18,24
1,2
26,29
8,9
13,18
29,33
3,5
9,14
21,24
13,14
21,23
1,10
13,24
4,5
30,31
24,25
17,18
6,10
19,20
21,22
6,7
11,15
21,22
27,28
1,2
14,15
20,21
1,2
5,6
15,17
20,21
23,24
7,9
13,14
25,27
8,11
18
23,25
5,6
17
32,33
8,9
10,11,12
30
23
10,11
11
16,17
4
19,20
3,4
5,6
7,8
9,10
16
18
23,24
37
48
3,4
9
10
11,12
13
14,15
21
33,34
1,2
12
21
13,17
26
12,13
22
37,38
1,7
16
31,32
37,38
12
28,29
7,8
18,21
25,28
36,37
50
12
23
41,42,43
45,46
13,14
27,31
10,11
28
31
16
24,26
8
20
3,4
18,19,20
21,22
6
21
27,29
15,16
27,28
32,33
9
12,13
22
42
14
16
32
37,38,39,40
11,12
23
37
14
30
35,36
45,46
13
21
40
10,11
39
40,41
12,13,14
45,46
54
5,6
18,19,20
1
15
17,18
27,28
35
41,42
5
17
22
27,28
10,11
14,15
24,25
35
8,9
18,19
24
39,40
19,20
34
4,5
7,12
20
34
41,42
50
6,7
14,15
37
15
29
33
36,37
7,8
23,24
29
37
40,41
50
7,9
15,16
24,27
29,30
34
44,45
51,52
9,10
17
24
25,26
10,11
14
26,27
30,31
44
5
9,10
13
22,23
33
6,7
21
24,25
36
38
61,62
72
15
34
40,41
9
15,16
17,18
6
