17,18
6
15,16
37,38
46,47
64,66
74,75
10,11
19,20
25
40
52
14
16
21,22
4
8
12,13
18,19
36,37
43,44
4,6
15,16
24,25
31,32
34,35
5
12,13
20,21
28,31
38
45
47,48
7,8
13
22,23
31,32
47,50
1
15
17,18
21
24
39
49,50
6
16,17
20
23,25
28,29
42,43
48
51,53
62
2
16
19
21
27
41,42
9,10
13
20
28
34,35
42
46
6,7
15
20,21
29,31
34
42,43
58,59
5
15,17
24
34
11
13,14
26,27
7
20
32
10
13
31
3
6
15,16
20,21
28,29
33
7,8
13,14
29,30
42,43
10
26
33,34
45,46
21,25
38
42,43
8
17,19
27,28
36
19,20
27
46
61,62
22,23
34
46,47
5,6
32
49
8
16,17
6
19
12
31
12,13,14
41,42
3,4
55,56
1,4
25
19,20
31
2
38
21
5,11
23,24
2,3
22
47,48
3
22
16,17
25,26
4,5
9,10
25,26
11
26,27
9,10
8,10
20
18,19
27,28
35
13
10
14,15
1
11
16
14,15
19,20
25
30,31
3,4
9,10
16
20
28
6,7,8
12
29
4,5
20
23,24
28
4,5
17
3,4,5
8
12
4
12
23
6
24,25
1,2
6
13,14
18
28
37
2,3
15,16
4
9,10
14,15
29
36
1
10,11
12,13
17,18
1
8
7,8
17
13
18
20
19
25
8
10
18
22,23
30
2,4
15
6,7
11
16,17
1,2
7
20
6
11
7
12
19
3,5
23,24
35
3
13
16,17
23
26,27
13
23,24
31
1
26
4,11
13
2
7,8
13
1,2
12
20
32,33
39,40
10
19
25,26
54
58
8,9
13,14
22
3,4
10
12
20
4
10,11
6
18
5
7
16,17
9
13
14,15
3,4
17,18
1
6,7
10
1,2
12
21
8
11
4,5
18
2,3
14,15
29,30
9
12
14,15
3
8
11
4,5
10
11,12
10
20
6,7
14
22
26,27
6,7
19
28,31
1
14
16
22
2
7
14
4
7,8
17
19,20
6,7
10
13
16,17
19
6
12,13
17,18
20
2
12,13
23,24
26,27
29
3,4
8,9
17,18
22,25
4
6,7
10
15,17
18,19
3,4
6
9,10,11
14
18
20,21
29
3
10,11
13
14,15
21,22
29,30
8
13,14
17,20
1
6,7
9
12
17
19
23
3,4