23
1,2
8,9
12
14
29
47
5
23,24
3
16
21
29,30
34
13,14
24
34
35
41,42
17
24
30
39
20,21
27
35
56
63
17
24
37,38
10,11
12
29
31,32
47
4
31
2,3
10
11,14
27,28
4
25,26
40
41
8
15
24
26
32
46
1
3
14
34,35
1
6
14,15
16
17
21
26,27
4
7
9,12
16
19
8
13
24
33
3
16,17
23
11
37
30
36
37
20,21
29
31
16
21,22
3,4
6
9
13
18
20
27
28
6,7
9,10
16,17
19
2,3
8
10
13
15
17
18,19
23
2
5,6
12
3
5
4
5
9
13
19,20
3
8,9
12
3
7
11
13
5,6
12,13
16,17,18
19,20
23,24
3
12
2,3
13
4,5
7,8
13,16
5
12
19
1,2
4
8,9
11
4,5
16
4,5
8
12
8
10
17
6,8
10
11
17
7
12
16,17
2
3,4
12,13
15
21
22
24
1,2
12
16,17
2
8
11
18
22
2
7
15
7
13
14
1
9
6
7
20
3
9
12
1
10
14,15
2
13
14
9
12
16
8,9
14
1
11
19
19
25
1
10
12
22
27
7
14
23,24
26,31
36
1
6
8
13
16
26
39,40
1
10
14
28
1,2
5
8
15
17
21
2,3
5
12
19,20
27
1
14,17
2
17
2,3
7
11
17
8
9
13
16
7
8
15
22
2
9
20,21
8,9
15
1
7,8
12,13
3
5
7
4
10,11
21
3
9
1,2
11,12
14
1
7
9
1
5
10
14
15,16
22
27
28
2
4
8
14
16
23
4
7
12
16
21
4
12
14
18
2
6
9
2
7,8
11
3
16
20,21
3
5,6
8
17,18
4,5
10
17
25,26
3
8
11
20,21
8
11
5
9
13
2
16,17
9,10
14,15
4
5
3,4
20,21
10,11
3,4
15
18
10
11
10
4,5
6
13
3
4
7
15
2
14
4
6
14
14,17
20
1
5
7,8
9
11
20
4
10
12
3
4,5
7
27
3
5
12
20
23