20
23
10,11
11
16,17
4
19,20
3,4
16
18
23,24
37
48
3,4
9
13
14
21
24
25
33,34
1,2
12
21
13,17
26
12,13
22
37,38
1,7
16
31,32
37,38
12
28,29
7,8
18,21
25,28
36,37
50
12
23
41,43
45,46
13,14
27,31
10,11
28
31
16
24,26
8
20
3,4
18,20
21,22
6
21
27,29
15,16
27,28
32,33
9
12,13
22
42
14
16
32
37,40
11,12
23
37
14
30
35,36
45,46
13
21
40
10,11
39
40,41
12,14
45,46
54
5,6
18,20
1
8
4
3
1,4
12
8
8
17
1
7
18
12
7
3
6
2
4
4
5,6
9
1
7
15
3
18,19
20,21
31,32
35,36
46
4
7,10
12,13
5
6
7
13
4,5
25
27
1,2
3,4
5
6
1
6
9,10
3,4
10
14
21
1
12
6
14
1
8
2
4
11
4
11,12
3
14,15
19,20
5,6
9,10
1
4,5
11
20
1,2
8
12,13
14
22
10
18
27
1
5,6
10
1
7
8,9
21,23
29,30
39,40
9
18,22
5,6
7,9
1,2
8
11
1
11,12
1,2
8
5
8
22,23
1,2
6
10,11
5
10
1
6,7
2,3
9,10
6,7
16,17
6
14
23
4
10,11
15
1,4
9
6
6
1
16,17
3,9
10,11
2
9,10
11
9
16
4
12
8
1
8
11,12
1
5,6
9
1
5
9,11
1,2
12
18,19
5
5,6
11
19
35
6
13
4
5,6
14
18
8,11
18,19
1
25,26
12
21
10
8,9
12,13
19
4,7
34
52,53
70,72
9
13
7
6,7
9,10
3
1,2
1,2
5,7
10
7
8
5
9,10
16
7
13
8
14,15
34,35
47,52
1,2
10,12
16,17
1,2
9,10
14
4
5,8
12,13
1
1,2
17,18
1,2
3,4
7,9
10
1,2
10
1
5
1,2
2,4
2
15,17
26,27
1,2
8,9
13
22
24
33,34
4
7,8
44,45
12
47
8,9
17,19
42,43
13
30,31
3
2,5
1,2
5,9
7
1
11
1,2
12,17
1,2
8,9
14
22,24
1,2
18,20
35,36
48
60,63
67,71
89,92
99,100
113,114
128
130
143
147,148
159
164,165
170,171
174
1,2
4,8
1,3
6
2
7,8
4,5
4,5
2
3,5
2
5
2
4,5
3,4
