4,5
3,4
1
8,9
1,2
1
5,6
1
5,6
3
8
1,2
7,10
13,14
23,24
12,13
2,3
1,2
5,6
1
12,15
3,4
10,11
19
3,5
7,8
2,3
11
1,5
12,13
3,6
1,2
3,4
5,6
10,19
33
1,5
7,8
13,14,15
27
6
24,25
21
9,10,11
16,17
18,19
23
24,25
13
17,18
22,23
10,11
4,5
11,12
19,20
22,27
1,2
11,13
20
25,28
7,11
15,16
24,25
3,4
10
18,24
1,2
26,29
8,9
13,18
29,33
3,5
9,14
21,24
13,14
21,23
1,10
13,24
4,5
30,31
24,25
17,18
6,10
19,20
21,22
6,7
11,15
21,22
27,28
1,2
14,15
20,21
1,2
5,6
15,17
20,21
23,24
7,9
13,14
25,27
8,11
18
23,25
5,6
17
32,33
8,9
10,11,12
30
1
15
17,18
27,28
35
41,42
5
17
22
27,28
10,11
14,15
24,25
35
8,9
18,19
24
39,40
19,20
34
4,5
7,12
20
34
41,42
50
6,7
14,15
37
15
29
33
36,37
7,8
23,24
29
37
40,41
50
7,9
15,16
24,27
29,30
34
44,45
51,52
9,10
17
24
25,26
10,11
14
17
26下,27
30,31
44
5
9,10
13
22,23
33
6,7
21
24,25
36
38
61,62
72
15
34
40,41
9
15,16
17,18
8
16,17
6
19
12
31
12,13,14
41,42
3,4
55,56
1,4
25
19,20
31
2
38
21
5,11
23,24
2,3
22
47,48
3
22
16,17
25,26
4,5
9,10
25,26
11
26,27
9,10
8,10
20
18,19
27,28
35
13
10
14,15
1
11
16
14,15
19,20
25
30,31
3,4
9,10
16
20
28
6,7,8
12
29
4,5
20
23,24
28
4,5
17
3,4,5
8
12
4
12
23
6
24,25
1,2
6
13,14
18
28
37
2,3
15,16
4
9,10
14,15
29
36
1
10,11
12,13
17,18
1
8
7,8
17
13
18
20
19
25
8
10
18
22,23
30
2,4
15
6,7
11
16,17
1,2
7
20
6
11
7
12
19
3,5
23,24
35
3
13
16,17
23
26,27
13
23,24
31
1
26
4,11
13
2
7,8
13
1,2
12
20
32,33
39,40
10
19
25,26
54
58
8,9
13,14
22
3,4
10
12
20
4
10,11
6
18
5
7
8,9
16,17
9
13
14,15
3,4
14
17,18
1
6,7
10
1,2
9
12
21
8
11
4,5
18
2,3
9
14,15
29,30
9
12
14,15
3
7
8
11
4,5
