11
4,5
10
11,12
10
20
6,7
14
22
26,27
6,7
19
28
31
1
14
16
22
2
7
14
2
4
12
17
18
19
23
10
13,14
19
12
17,18
20
2
11,12
17
23,24
26
29
3,4
9,10
16,17
18,19
20
22,25
33
2
6,7
10
13
18,19
2
3,4
6
9
10
14
18
19
20
21
29
3
5
9
12
13
14
29
8
9
13,14
17
20
1
4
6,7
8
12
13
19,20
23
3,4
6
13,14
18
19
23
27
28
6,7
9,10
13
18
2,3
8
9,10
12
14,15
16
17
23
2
5,6
12
3
5
4
5
12
13
19,20
3
8,9
12
13
3
7
11
13
5,6
8
14
16,18
23,24
3
12
2,3
13
4,5
7,8
13,16
5
12
19
1,2
4
8
11
4,5
13
16
4
8
12
8
10
21
6,8
10
11,12
17,18
7
9
12
1,3
11,12
15
21
22
24
1,2
12,13
16,17
2
7
8
18
19,22
2
7,8
15
7
13
14
1
9
6
7
20
3
9
12
1
10
14,15
4
13
15
9
12
16
8,9
14
1
11,12
19
19
25
1
10
12
14
27
10
14
23,24
26,31
35,36
1
6
8
16
17
26
33,34
39,40
1
10
14
28
1,2
5
8
15
17
20,21
2,4
5
12
19,20
27
8,13
26
2
16
17
2,3
7
11
17
8
9
13
16
7
8,9
13,15
17
23
2
9
16
8,9
14,15
1
7,8
9,10
12,13
2,3
5
7
4
5
10
17
20,21
9
19
7
9
10
14
18
3
7
9
2
5
10
14
15,16
17
22
24
28
2
4
9
14
18
23
4
7
12
16
21
4
12
14
18
2
6
9
2
7,8
11
3
16
20,21
22,23
24,25
3
5,6
8
17,18
4,5
10
17
25,26
3
8
11
20,21
8
10
11
5
9
13
2
16,17
9,10
16,17
4
12
3,4
20,21
10,11
3,4
18
10
11
10
4,5
6
13
4
7
15
14
4
20
5
7,8
11
20
4
10
12
3,4
27
3
12
20
2,3
