20
2,3
5,6
8
11
3,4
5,6
3
7,8
3
12
4,5
8,9
8
17
1
5,6
1
7,8
18
12
17
3
7
3
6
5,6
7
1,2
2
5,6
9
1
7
15
3
18,19
20,21
30
31,32
35,36
46
4
7,10
12,13
5
6
7
13
4,5
25
27
1,2
6
1
6
9,10
3,4
10
14
21
1
12
6
14
1
8
2
4
11
4
11,12
3
14,15
19,20
5,6
9,10
1
4,5
11
20
1,2
8
12,13
14
22
10
18
27
1
5,6
10
1
7
8,9
21,23
29,30
39,40
9
18,22
5,6
7,9
1,2
8
11
1
11,12
1,2
8
5
8
22,23
1,2
6
10,11
5
10
1
6,7
2,3
9,10
6,7
16,17
6
14
23
4
10,11
15
1,4
9
6
6
1
16,17
3,9
10,11
2
9,10
11
9
16
4
12
8
1
8
11,12
1
5,6
9
1
5
9,11
1,2
12
18,19
5
5,6
11
19
35
6
13
30,31
4
5,6
14
18
8,11
18,19
1
25,26
12
21
10
8,9
12,13
19
4,7
34
52,53
70,72
6
13
7
6,7
9,10
3
1,2
18
1,2
5,7
10
7
8
5
9,10
16
7
13
1
8
14,15
34,35
47,52
1,2
10,12
16,17
1,2
9,10
14
4
5,8
12,13
1
1,2
12,13
17,18
1,2
3,4
7,9
10
1,2
10
1
5
1,2
2,4
2
15,17
26,27
1,2
8,9
13
22
14,15
24
33,34
4
7,8
44,45
12
47
8,9
13
31
42,43
1,2
13
1,4
17
30,31
3
2
10
1,2
7
9
2,3
7,9
7
1
11
1,2
12,17
1,2
8,9
14
22,24
1,2
9,11
15,16
20,24
32
35,36
48
49,50
60,63
67,71
73
81,82
89,92
99,100
105
113,114
127,128
129,130
143
147,148
153
164,165
171,172
1,2
4
8
1
6
2
7,8
1,2
5,6
1,2
3
1,5
2,5
3,4
5,6
2
8,9
13,14
1,2
1
5,6
13
15,18
19
1
12
16
23
3,4
5,6
3
6
8
1,2
4
7
9,10
13,14
23,24
1
6
12,13
2,3
8
1,2
5
5
6
8
1
11
15
3
4
6
8
11,12
14
18
21
2
3
5
7,8
2,3
10,11
19,20
1
5
12,13
5,6
1
6
2,3